2.0 2.0 -26.0 2.0 2.0 2.0 2.0 2.0 2.0 2.0 7.2 8.4 7.6 8.4 8.0 8.2 8.2 8.2 2.0 3.4 3.8 4.2 -26.0 4.2 4.2 3.8 3.6 3.4 4.2 3.8 3.4 3.6 4.2 3.6 3.4 2.0 8.4 8.4 6.6 6.0 7.4 7.2 8.4 -26.0 2.0 2.0 2.0 2.0 2.0 2.0 2.0
2.0 2.0 2.0 2.0 2.0 2.0 2.0 2.0 8.0 7.2 8.4 8.0 8.0 2.6 2.0 2.0 -26.0 4.0 4.0 3.6 3.6 3.8 4.0 4.0 4.0 4.0 3.8 3.8 3.6 3.8 3.8 -26.0 4.0 4.2 3.6 2.0 8.2 7.8 5.8 8.4 -26.0 8.4 2.0 2.0 2.0 2.0 2.0 2.0 2.0 2.0 2.0
2.0 2.0 2.0 2.0 2.0 2.0 -26.0 8.4 7.6 8.4 8.0 8.0 -26.0 2.0 2.0 3.6 4.2 4.0 4.2 4.2 4.2 -26.0 2.8 3.4 3.4 4.0 3.6 3.8 3.2 3.8 -26.0 3.6 4.0 3.6 3.6 4.2 4.0 3.6 3.4 2.0 8.4 6.0 7.0 8.0 4.4 2.0 2.0 2.0 2.0 2.0 2.0
2.0 2.0 2.0 2.0 5.6 6.4 7.2 6.8 8.2 -26.0 2.0 4.2 4.2 4.0 4.0 4.2 4.2 4.0 -26.0 3.8 3.4 3.8 3.6 4.0 3.6 3.4 3.2 3.4 3.4 4.2 4.2 3.0 3.6 -26.0 4.2 4.2 4.2 4.2 3.8 2.6 8.0 8.4 8.0 4.8 2.2 2.0 2.0 -26.0 2.0 2.0 2.0
2.0 2.0 2.0 2.0 -26.0 5.8 6.2 7.0 7.2 7.6 -26.0 4.0 4.2 3.8 4.0 4.0 4.0 4.0 4.0 4.2 3.8 3.0 3.8 3.8 3.6 3.8 -26.0 4.0 3.6 3.4 3.6 4.0 3.2 3.2 3.4 4.0 4.0 3.8 4.0 4.2 4.0 3.4 2.0 7.4 8.2 6.0 7.8 2.6 2.0 2.0 -26.0
2.0 2.0 2.0 8.0 -26.0 8.4 7.2 8.0 2.0 3.0 4.0 4.2 3.8 -26.0 4.0 3.6 3.2 3.0 3.4 3.0 3.2 3.0 3.4 2.8 3.0 3.4 3.4 3.6 3.0 3.4 3.6 3.2 3.8 -26.0 4.2 4.2 4.2 3.4 4.2 4.2 3.8 2.0 -26.0 7.2 7.8 8.2 2.0 2.0 2.0 2.0 2.0
2.0 2.0 6.2 3.4 5.2 1.4 3.4 2.0 2.2 2.4 2.0 2.4 2.0 2.6 2.2 2.2 -26.0 3.4 3.0 2.0 3.4 2.6 2.6 3.4 2.6 -26.0 3.6 3.6 2.4 3.4 2.8 2.4 2.6 2.2 -26.0 2.8 2.6 3.2 2.6 2.4 2.2 2.2 2.2 2.0 2.4 2.0 2.0 0.8 5.2 2.0 3.0
1.6 1.6 1.0 1.4 2.0 2.2 2.4 3.0 2.6 2.2 2.6 3.2 3.2 2.6 -26.0 3.8 3.8 3.4 3.6 3.6 3.8 3.4 3.6 -26.0 4.2 4.2 2.8 4.0 4.2 -26.0 3.8 2.8 3.6 3.6 2.4 3.0 2.4 3.4 -26.0 3.6 2.6 4.0 2.8 3.4 2.2 2.0 1.6 -26.0 1.4 2.0 2.0
2.4 1.0 1.0 -26.0 0.8 1.0 2.2 2.4 3.0 2.8 3.0 3.4 3.2 3.4 3.6 -26.0 4.2 4.0 4.2 3.8 3.8 4.2 3.2 -26.0 -26.0 4.0 4.0 4.2 3.6 4.2 4.2 3.8 -26.0 3.8 3.4 3.2 3.8 3.8 3.8 3.2 4.0 -26.0 4.2 4.2 4.0 4.2 4.0 -26.0 -26.0 1.4 5.0
-26.0 5.8 3.4 2.0 3.2 3.6 4.0 3.8 4.2 3.8 3.8 4.2 4.2 3.4 -26.0 3.8 4.2 3.2 4.0 4.0 4.0 3.6 2.8 3.4 3.8 3.8 3.6 3.0 2.6 3.6 4.2 3.8 3.8 4.2 4.2 4.0 4.2 4.2 4.0 -26.0 -26.0 4.2 4.2 3.4 4.0 4.0 2.0 2.0 0.8 7.2 6.2
2.6 3.8 2.0 4.0 4.2 4.0 3.6 3.8 -16.16171875 3.4 4.2 4.2 4.2 4.2 -26.0 4.2 4.2 4.0 4.0 3.8 4.0 3.4 4.0 -26.0 3.8 3.8 3.2 3.8 3.4 3.6 3.2 2.6 3.6 2.8 3.6 3.2 3.4 -26.0 -26.0 3.8 4.0 4.0 3.8 4.2 -26.0 4.0 4.0 4.2 4.2 3.4 1.6
8.4 -26.0 2.0 3.8 4.0 4.2 4.0 4.2 4.2 4.2 4.0 4.0 3.8 4.2 4.0 -26.0 3.4 3.0 3.4 3.4 3.6 3.2 3.4 3.4 3.2 3.0 -16.16171875 2.8 3.4 2.6 3.8 3.2 3.6 3.4 3.4 3.6 3.4 2.6 3.2 -26.0 -26.0 3.8 4.2 3.8 4.2 3.8 3.8 3.4 -26.0 3.4 1.6
